00100
00100
00500
00400
00400
07300
07300
07200
07200
07400
13200
13400
13500
13500
13400
03100
03500
03500
03300
03300
09300
09100
09200
09100
09200
12230
08310
08230
04210
14230
05130
11130
11210
07120
10210
01120
08210
12120
05120
02140
14540
14410
06140
14420
04540
05340
06340
04140
02420
01140
08430
05540
10140
08420
11340
12240
11230
08310
08230
04310
14230
05130
11210
06120
10210
01120
08210
12120
05120
02451
04451
12431
06421
10451
08421
01453
06421
10453
08423
01453
14423
02452
11231
06251
01523
